# Created by Octave 5.2.0, Sat Sep 05 17:32:19 2020 GMT <unknown@DESKTOP-FG2RT7V>
# name: T
# type: matrix
# rows: 10
# columns: 1
 11.297012895793083
 -6.657230983642842
 -3.4244042445065013
 -6.6402230291124011
 -5.6620127699774496
 -3.4381922825853284
 -4.8593275783445531
 -4.5854623021595335
 -3.8253780343091188
 -2.5542605922190629


